72 111 108 97 32 32 32 32 32 32 32 32 32 32 32 32 32 32 32 32 32 32 32 32 32 32 32 32 32 32 32 32 32 32 32 32 32 32 32 32 32 32 32 32 32 32 32 32 32 32 32 32 32 32 32 32 32
101 115 116 101 32 101 115 32 117 110 32 116 101 120 116 111 32 100 101 32 97 114 99 104 105 118 111 95 112 114 117 101 98 97 32 32 32 32 32 32 32 32 32 32 32 32 32 32 32 32 32 32 32 32 32 32 32
80 111 114 102 97 118 111 114 32 110 111 32 109 101 32 116 101 110 103 97 115 32 101 110 32 99 117 101 110 116 97 32 99 111 109 111 32 101 108 101 109 101 110 116 111 32 105 109 112 111 114 116 97 110 116 101 32
32 32 32 32 32 32 32 32 32 32 32 32 32 32 32 32 32 32 32 32 32 32 32 32 32 32 32 32 32 32 32 32 32 32 32 32 32 32 32 32 32 32 32 32 32 32 32 32 32 32 32 32 32 32 32 32 32
99 117 97 110 100 111 32 101 106 101 99 117 116 101 115 32 101 108 32 112 114 111 103 114 97 109 97 32 121 32 100 105 103 97 32 32 32 32 32 32 32 32 32 32 32 32 32 32 32 32 32 32 32 32 32 32 32
34 73 110 103 114 101 115 101 32 108 97 32 114 117 116 97 32 100 101 108 32 97 114 99 104 105 118 111 32 100 101 32 116 101 120 116 111 58 32 34 32 32 32 32 32 32 32 32 32 32 32 32 32 32 32 32 32
100 105 103 105 116 97 32 116 101 120 116 111 46 116 120 116 32 32 32 32 32 32 32 32 32 32 32 32 32 32 32 32 32 32 32 32 32 32 32 32 32 32 32 32 32 32 32 32 32 32 32 32 32 32 32 32 32
32 32 32 32 32 32 32 32 32 32 32 32 32 32 32 32 32 32 32 32 32 32 32 32 32 32 32 32 32 32 32 32 32 32 32 32 32 32 32 32 32 32 32 32 32 32 32 32 32 32 32 32 32 32 32 32 32
121 32 97 115 105 32 100 101 32 102 97 99 105 108 32 115 101 32 101 106 101 99 117 116 97 114 97 32 101 115 116 101 32 97 114 99 104 105 118 111 32 112 97 114 97 32 101 108 32 112 114 111 103 114 97 109 97
32 32 32 32 32 32 32 32 32 32 32 32 32 32 32 32 32 32 32 32 32 32 32 32 32 32 32 32 32 32 32 32 32 32 32 32 32 32 32 32 32 32 32 32 32 32 32 32 32 32 32 32 32 32 32 32 32
69 115 112 101 114 111 32 116 101 32 104 97 121 97 32 115 101 114 118 105 100 111 32 101 115 116 101 32 116 117 116 111 114 105 97 108 32 98 97 115 105 99 111 32 58 41 32 32 32 32 32 32 32 32 32 32 32